# DM-e- with ultra-light mediator and QEDark
mass_Mev,limit90CL_cm2
0.53	1.54813342786391E-31
0.56	1.09689116032884E-32
0.6	2.96721853348345E-33
0.63	1.67148191148614E-33
0.67	9.89641061880089E-34
0.71	6.91325253001772E-34
0.75	5.03024045431068E-34
0.8	3.64110680509581E-34
0.85	2.81759421367521E-34
0.9	2.43804041125325E-34
1.0	1.63634863950472E-34
1.20000000e+00,1.11387485e-34
1.3	8.22255562358639E-35
1.5	6.16862472898205E-35
1.63780000e+00,7.83673706e-36
2.00000000e+00,2.40202708e-36
2.68269000e+00,5.87355120e-37
3.50000000e+00,2.04718397e-37
4.39397000e+00,1.21780693e-37
5.50000000e+00,8.91795077e-38
7.19680000e+00,6.91186162e-38
9.00000000e+00,6.11437571e-38
1.17876800e+01,5.87278412e-38
1.50000000e+01,6.05746011e-38
1.93069770e+01,6.60496850e-38
3.16227700e+01,8.66317830e-38
5.17947000e+01,1.26329934e-37
8.48342898e+01,1.89064652e-37
1.38949500e+02,2.92271132e-37
2.27584593e+02,4.69568498e-37
3.72759372e+02,7.60106084e-37
6.10540230e+02,1.21976426e-36
1.00000000e+03,1.98912601e-36
