# DM-e- with heavy mediator and QEDark
mass_ev,limit90CL_cm2
0.53	3.06561210277253E-30
0.56	4.26572777922697E-31
0.6	8.93660246655508E-32
0.63	3.09197222077584E-32
0.67	1.19664789972934E-32
0.71	6.49256840157368E-33
0.75	4.02446908887603E-33
0.8	2.37726878900715E-33
0.85	1.57833434948669E-33
0.9	1.07025041125317E-33
1.0	5.59408490392406E-34
1.20000000e+00,3.43013988e-34
1.3	1.32748117620573E-34
1.5	6.1740322591633E-35
1.63780000e+00,9.97654225e-36
2.00000000e+00,1.69057754e-36
2.68269000e+00,1.76043993e-37
3.50000000e+00,3.89268521e-38
4.39397000e+00,1.83002399e-38
5.50000000e+00,9.95854594e-39
7.19680000e+00,6.22087070e-39
9.00000000e+00,5.13766421e-39
1.17876800e+01,4.55806429e-39
1.50000000e+01,4.57751675e-39
1.93069770e+01,4.90126366e-39
3.16227700e+01,6.49124844e-39
5.17947000e+01,9.30483080e-39
8.48342898e+01,1.42434835e-38
1.38949500e+02,2.20875416e-38
2.27584593e+02,3.50709658e-38
3.72759372e+02,5.72312346e-38
6.10540230e+02,8.95793010e-38
1.00000000e+03,1.49415737e-37
