mass_ev,limit
1.153636439556755, 1.9397388184985464e-8
1.153636439556755, 1.097030001037104e-8
1.165914401179832, 5.6641574022167795e-9
1.1845767882256826, 3.0610953916559337e-9
1.2358165955824112, 1.0977776794970098e-9
1.3099097638483816, 5.670691918525993e-10
1.4485034710121476, 3.1379265063781997e-10
1.6360369327968374, 2.0372646826702412e-10
1.9586373094690324, 1.4171162737522739e-10
2.2005373060963533, 1.1822200058179802e-10
2.592943797404667, 1.0809358772623267e-10
2.7194605220720858, 9.431892433774424e-11
2.8072162039411768, 7.176679031968288e-11
2.9598136438421827, 4.873425155218189e-11
3.0878427276717373, 3.543255961218878e-11
3.1874859259722883, 3.882782398780543e-11
3.204402976245164, 2.6961867590515585e-11
3.204402976245164, 1.788677935694281e-11
3.307807517653797, 1.1085312052961614e-11
3.360754444207892, 6.714202317133679e-12
3.3965223973304735, 5.3460134170499135e-12
3.5247347221908667, 5.5974645381930764e-12
3.6001603047708914, 5.110677000965347e-12
3.696716040420541, 5.350498156169491e-12
3.8160072874051933, 5.113624145045046e-12
4.066262415290341, 3.804425319740095e-12
4.287300336654516, 3.3197909124129437e-12
4.355925664709034, 2.962607131745417e-12
4.4491378513929, 2.8311516139698032e-12
4.641588833612779, 2.2041153719473552e-12
5.051824745139091, 1.497206369676465e-12
5.586328066431621, 1.2488382796541337e-12
6.112331451408496, 9.507826682425387e-13
6.6174345589085535, 7.237870170375401e-13
7.27895384398315, 3.262014080493691e-13
7.474174246317526, 2.97848677042969e-13
7.75631025027417, 2.0688983827537307e-13
8.622479766148546, 1.312727478277367e-13
9.335013331918178, 1.0459383537688599e-13
10.655803590079923, 7.786857724495161e-14
10.712357491561475, 5.659409756756539e-14
11.116728815539267, 4.611280646610163e-14
11.536364395567547, 3.429793789078778e-14
12.163469522011749, 2.551424651134814e-14
12.689610031679221, 1.8978066457956906e-14
14.181564284025454, 1.1770885898672143e-14
15.272426579169007, 8.36783197340816e-15
16.102620275609393, 7.999053099099625e-15
16.888310570120353, 8.969089924362043e-15
17.712336814204928, 1.1796824202004387e-14
18.77427687606334, 1.8622384072163538e-14
19.690324505300904, 3.370279121903108e-14
20.542045089792776, 5.319462592455024e-14
21.773639817364685, 1.1294078508502608e-13
22.836034457980638, 1.908879098707921e-13
23.324701361610796, 2.813107301417813e-13

