mass_mev,limit
1.062,83156797.603
1.082,63058609.566
1.112,45243933.091
1.144,31868827.698
1.17,23724796.612
1.192,17661960.447
1.226,13393236.633
1.266,10156221.789
1.296,7701561.903
1.332,5733439.318
1.37,4268267.506
1.408,3296920.605
1.461,2594033.449
1.503,1793787.875
1.559,1335388.076
1.611,994131.657
1.656,767893.095
1.734,593140.558
1.8,449784.262
1.842,347425.038
1.92,273355.739
1.992,219081.398
2.087,157188.752
2.196,119197.762
2.279,93785.389
2.365,73790.808
2.476,59139.762
2.582,47397.658
2.692,39414.374
2.832,31588.714
2.966,25788.108
3.107,20667.921
3.254,16872.69
3.456,14291.977
3.636,11454.328
3.808,9882.978
4.007,9012.322
4.216,7357.397
4.478,5896.598
4.755,4994.701
5.05,4003.011
5.413,3267.942
5.775,2768.104
6.19,2301.866
6.728,1844.834
7.211,1451.525
7.801,1207.042
8.209,1003.737
8.963,882.162
9.607,733.578
10.297,587.927
11.192,516.716
12.107,445.831
13.22,344.371
14.637,297.129
16.13,238.135
17.694,198.025
19.231,164.671
21.095,142.081
22.611,120.349
24.689,103.839
27.461,86.35
30.686,71.806
33.817,61.955
37.096,50.578
41.838,45.28
47.186,38.354
53.712,31.894
61.425,26.522
69.921,23.31
78.859,19.383
91.021,16.119
102.657,13.404
114.183,11.146
127.593,9.617
142.578,8.298
161.549,6.9
182.2,6.177
206.444,4.951
231.759,4.351
257.782,3.618
293.437,2.954
332.482,2.456
374.983,2.119
419.022,1.795
463.92,1.521
528.088,1.264
584.672,1.091
635.45,0.924
697.057,0.812
747.152,0.727
804.562,0.616
874.436,0.562
932.952,0.485
981.663,0.426