mass_mev,limit
0.08732515557980255, 6.415476458273776e-32
0.09318444455672965, 2.2668442762887893e-32
0.09776646100424051, 1.214331747593799e-32
0.10491714735147827, 5.741642455935769e-33
0.11354861529574665, 2.2048217983502036e-33
0.12254368841252768, 8.826390394279269e-34
0.13489128614364185, 3.5333997264775764e-34
0.14394213776523077, 2.0570886693214975e-34
0.1562246571175181, 7.899331896869449e-35
0.16860043298898975, 3.8936906635376156e-35
0.18247108492216715, 2.0858213497506658e-35
0.19748286669493348, 1.214331747593799e-35
0.2038423692526032, 8.72718205998177e-36
0.21857349100649137, 3.8104552334746017e-36
0.24346102420583682, 1.3930248662795505e-36
0.2694676157158227, 6.846609816060198e-37
0.3177839244596729, 3.365055937484236e-37
0.36306397959785125, 2.2235336271616787e-37
0.4254550540946579, 1.38480357106708e-37
0.5179086161171754, 7.221240765789394e-38
0.5954690543574832, 4.4973459712256477e-38
0.7067069495405466, 2.488209188154507e-38
0.797225093006577, 1.5496419425491947e-38
1.0145282751794933, 7.61637067080664e-39
1.2747872441552266, 4.470803725069762e-39
1.6222616615793748, 2.0710728370168602e-39
1.8652066937664402, 1.2157181622103198e-39
2.130974265494448, 6.726102729858906e-40
2.3887185485382365, 4.188976935582625e-40
2.7992101568735834, 2.184397242048669e-40
3.4074928587991185, 9.537497723485358e-41
4.04403699268887, 5.939897083268314e-41
4.679247329589642, 3.9249157077611115e-41
5.6960717368716045, 2.593473101819068e-41
6.549098325755458, 1.6151996844095033e-41
7.482259226829266, 9.48120972298293e-42
8.548383357950842, 5.565462814218536e-42
9.582322141471188, 3.901751806312786e-42
