mass_mev,limit
30.842,63610.627
32.298,38573.106
33.824,23827.894
35.914,13667.915
38.311,8443.127
41.056,5313.131
44.612,3343.472
47.808,2183.419
52.672,1425.859
58.3,966.291
63.641,679.566
70.766,443.784
78.327,300.748
86.695,223.597
97.744,157.249
109.695,121.323
121.976,93.605
138.158,69.592
155.049,54.697
175.619,41.426
200.762,31.961
225.308,25.59
252.855,20.872
290.392,16.711
328.918,13.63
370.839,10.913
421.98,8.42
480.173,6.618
543.876,5.298
618.879,4.164
694.546,3.334
793.982,2.572
891.057,1.985
959.325,1.776
968.0284399211367, 1.8295091452878846e-38
990.4004112485494, 1.738296679425619e-38
1.0179386315996757, 1.651716110597336e-38
1.0414853544127471, 1.6102211769001738e-38
1.080311515665105, 1.5700093131533974e-38
1.105255857982084, 1.4538872603327075e-38
1.1308223828368567, 1.4173622454808291e-38
1.1622650555204135, 1.346766684376719e-38
1.1837191184515963, 1.3128657092563098e-38
1.216632592181547, 1.2474748808390815e-38
1.261988173043795, 1.2163218376078427e-38
1.2911010351987406, 1.0977822215704885e-38
1.3331161154567326, 1.0703127508454564e-38
1.3827858965032362, 1.0171068532119827e-38
1.4343356067009307, 9.917067635944753e-39
1.474187379201228, 9.184044220377007e-39
1.5152083281027844, 8.953777206248257e-39
1.5644523753712707, 8.29237938358462e-39
1.6153298580405135, 7.879757568173455e-39
1.6602443280520878, 7.487284924949598e-39
1.690890509941486, 7.298814076283185e-39
1.7458798812828278, 6.935631233917426e-39
1.7781067960174857, 6.761046679196142e-39
1.8275473012923558, 6.424294458307818e-39
1.8612436643082355, 6.103691374784766e-39
1.9042975256025825, 5.950352512688662e-39
1.9483074822161677, 5.653690248479726e-39
1.9752486153444369, 5.654556871253003e-39