mass_mev,limit
0.04424185553847919, 5.3122037646255204e-30
0.05250952567122278, 1.4251026703029963e-30
0.0618965818891261, 4.02156973981074e-31
0.07396863749367634, 1.1937766417144358e-31
0.08961505019466054, 3.5436477855785615e-32
0.11006941712522103, 8.167476848278884e-33
0.13153690504363771, 1.7895640746367563e-33
0.16949881513903478, 4.338730126091852e-34
0.24540361297864458, 1.4990778107927032e-34
0.3055758634644526, 9.506529014323884e-35
0.43939705607607904, 7.017038286703836e-35
0.5005007837654813, 6.341584770237437e-35
0.7050408581378387, 7.764435563198181e-35

